676265
682928
650556
547989
642758
660670
592094
642715
656180
666176
542583
669211
593643
645261
642727
669920
518397
641302
595751
656185
669397
501659
624413
514888
621237
670541
640470
605119
502624
542881
462101
609280
606157
666018
606115
571448
542888
668227
650333
624414
665871
640492
668731
595879
641329
621383
676625
544365
453268
605130
605131
598264
571466
668663
676480
642545
663698
542914
605135
657508
642585
660825
656222
605137
571479
641355
678394
666181
621244
542932
542194
605141
666182
641360
669456
624415
656234
453568
668709
542947
593428
664761
623520
656248
502202
571510
680694
598265
666374
518489
623211
605154
608324
681146
656257
621446
641401
670712
686613
664913
677865
663460
518516
607481
605164
656271
676475
669203
456713
665795
408234
665828
594777
669743
669134
600869
592192
605170
666185
681481
471911
682998
592200
671213
660636
650895
622491
605612
666801
650489
595909
656302
665482
570666
605177
644374
547973
656305
608638
445926
656308
455139
596847
643256
518553
542585
661403
664076
676391
605182
502171
543037
669395
641470
676628
672710
661388
656322
643265
571578
621043
641482
664776
543063
641487
543068
630105
640444
518585
443558
665833
621016
456501
518586
664202
641501
506433
656353
605200
605204
663562
602074
608328
650559
660853
657557
641512
641511
672282
646240
649557
664747
621242
553869
672478
650331
673237
650490
572816
518617
622554
518626
680977
666808
641531
592273
643289
622110
641540
661395
681987
669242
605218
621107
693821
666464
641553
500871
669289
502179
608032
669093
642731
664126
656413
663559
571656
571657
607200
663372
657571
670036
640448
670288
656427
623167
527038
571670
671345
645801
663743
641584
664034
677551
624428
607536
518692
671289
666818
608331
670770
605242
606149
668678
608336
592325
660650
606424
666969
544725
472610
671277
677651
554340
607237
656448
592332
593334
681464
664139
502043
669302
665926
656464
608337
502671
596295
543228
594835
670768
503556
660757
663853
624503
605253
518735
608665
592351
680686
543243
668881
682985
425844
545341
663757
687093
677954
543257
675627
642770
665489
641645
493329
656495
606992
623352
664059
669084
571740
643348
641658
543272
571745
664023
547180
671739
543281
640451
663647
669720
571760
621368
669169
595978
641680
623168
664854
683002
521230
678692
682073
656529
628338
623474
641684
672578
514917
571771
642546
606192
543305
543309
664731
682051
448179
657612
669374
663546
663773
663538
668970
605280
656555
605288
669087
676714
669450
488984
571800
628452
663697
608344
664728
686753
643376
445276
664299
643377
650391
641729
656582
572955
592450
673962
596001
592454
621076
675916
641745
656605
608348
518876
677161
643393
453178
477132
579328
673490
518886
643396
667463
669923
672386
446372
668800
657649
607216
668952
665152
641771
669270
680757
571875
669424
659275
656638
669127
571882
664875
641779
600917
669276
643410
506702
642451
596019
642528
641796
666157
446334
664670
605347
670032
641154
625643
547179
571901
663993
476595
607625
656669
666158
666200
543475
663738
458681
600921
592518
605353
571912
455117
640455
641820
666159
666201
573009
622534
676760
608566
669016
665896
606466
628708
656685
455119
663436
661309
502110
607259
686681
622761
664029
665155
664208
571927
554431
669160
543507
594577
641835
543510
664983
668948
663556
676801
621121
457705
624512
543521
663630
663474
656716
641857
643446
656731
642336
453343
669004
608841
593160
657240
571945
489119
680911
571948
501985
621345
669304
664948
668751
669003
425877
660162
666160
593423
660707
606160
656756
664238
519043
663558
670970
666624
672515
664294
669212
606625
663752
450203
663624
656775
571970
662253
622168
682171
669221
605397
571976
571980
677053
553882
676050
647304
656793
669194
593576
641914
621028
621512
607043
605400
543592
663457
596057
656811
641927
596059
543606
660271
595345
658668
621566
672391
682847
493603
657248
670912
542303
665506
641941
650339
641943
680700
669467
670623
686469
606303
592626
665161
686752
444482
593974
672724
672695
606131
672335
527048
521692
656849
607054
502054
475479
623465
640461
672832
650907
601713
621363
572041
647315
519151
595777
643493
405395
640462
615698
650671
500779
606019
666142
663728
548384
541640
623912
608070
670990
656876
592662
592663
596082
608701
592669
650859
614177
622682
668804
608703
670950
663586
663845
656896
665861
519203
673357
502085
642020
645302
663898
607074
593958
570257
677594
655889
573124
669432
643511
668942
500743
605447
668941
519222
592696
642708
621074
573131
614179
650204
668939
657746
592716
592717
434671
596142
680704
663776
664848
665665
467793
642701
623993
453286
657376
570731
670167
656941
656945
608369
676664
516416
543760
669222
661531
623149
543766
657757
642423
663903
642350
596103
592761
669701
663385
519293
669257
592767
669912
605483
676092
669256
456781
642397
665742
670869
543807
605488
607732
489334
592773
519317
545358
668715
683021
663986
623451
596112
596115
681082
657770
669065
621381
608717
664702
519326
675911
548389
573186
657265
596117
660761
624133
663158
608718
669261
435559
657024
621020
592789
663378
592791
606132
622253
665750
621035
572191
621438
642133
572193
642136
573204
677950
642137
657041
669352
666168
572204
668868
605507
622786
669911
623437
679529
647351
650402
666211
676701
624431
642152
545361
663656
457759
607208
670955
657272
621249
570632
628711
649966
602104
664353
570482
664285
672841
545121
678246
662139
683734
679631
543877
592826
676369
657077
434378
681911
676684
668901
663837
681584
596129
519390
572228
608723
608379
664774
425794
686972
686610
572233
592836
670242
670764
681806
621493
671221
596133
657277
607179
592848
669711
669330
621563
666214
669713
676477
592858
642203
621079
642207
663897
592866
669060
621051
680739
608385
621550
677951
657136
543939
663765
605540
657140
642851
664337
642232
573262
592885
660766
622065
676724
664874
605548
518595
594798