676265
650556
642758
592094
669211
645261
669920
518397
641302
621237
640470
502624
542881
542888
665871
641329
621383
544365
453268
605130
598264
642545
542914
605135
657508
642585
660825
656222
571479
678394
621244
641360
669456
656234
542947
502202
571510
680694
666374
518489
623211
605154
656257
641401
686613
677865
663460
518516
607481
605164
656271
669203
456713
665795
471911
650895
622491
656302
570666
605177
547973
608638
445926
643256
518553
542585
661403
664076
605182
502171
543037
669395
672710
656322
571578
641482
664776
640444
518585
621016
456501
664202
641501
506433
656353
605200
663562
608328
660853
672282
664747
621242
518617
622554
666808
641540
661395
605218
621107
693821
502179
608032
669093
664126
663559
571656
607200
663372
657571
670036
640448
670288
656427
623167
571670
671345
607536
666818
608331
605242
606149
668678
606424
472610
677651
554340
607237
592332
593334
681464
664139
502043
669302
656464
608337
596295
594835
608665
592351
680686
543243
668881
425844
675627
642770
623352
669084
543272
640451
571760
621368
669169
664854
521230
678692
656529
623474
672578
642546
682051
448179
657612
663546
663773
668970
605280
605288
676714
488984
571800
628452
608344
686753
445276
664299
643377
641729
572955
596001
592454
621076
675916
641745
656605
518876
677161
453178
477132
579328
518886
667463
669923
446372
657649
607216
665152
641771
669270
669424
659275
656638
571882
664875
600917
669276
643410
642528
666157
605347
641154
625643
547179
571901
476595
607625
666200
543475
663738
458681
600921
640455
666159
666201
573009
676760
608566
665896
628708
656685
455119
663436
661309
607259
664208
571927
554431
669160
543507
594577
641835
668948
663556
621121
543521
663474
656731
453343
657240
571945
489119
571948
501985
621345
664948
593423
606160
656756
519043
663558
670970
664294
669212
606625
663752
450203
662253
682171
605397
677053
676050
656793
669194
593576
605400
596057
641927
543606
595345
672391
682847
493603
657248
670912
641941
669467
606303
686752
593974
606131
672335
527048
656849
475479
623465
601713
621363
647315
519151
643493
640462
615698
650671
500779
666142
548384
541640
670990
656876
592662
596082
670950
502085
607074
593958
570257
655889
573124
669432
643511
605447
668941
621074
614179
650204
657746
592716
592717
434671
680704
663776
665665
642701
453286
657376
670167
656945
676664
623149
543766
663903
592761
663385
519293
592767
669912
605483
676092
642397
605488
489334
592773
663986
623451
596112
657770
621381
608717
519326
675911
548389
573186
657265
660761
624133
663158
608718
657024
592789
663378
592791
622253
572193
573204
666168
668868
605507
622786
623437
642152
670955
657272
621249
570632
628711
664353
664285
672841
592826
434378
681911
676684
608723
608379
425794
686972
686610
592836
681806
596133
657277
607179
592848
669711
669330
666214
669713
676477
592858
642203
621079
642207
592866
669060
621051
680739
663765
605540
657140
664337
642232
622065
594798