682928
547989
660670
642715
656180
666176
542583
593643
642727
595751
656185
669397
501659
624413
514888
670541
605119
462101
609280
606157
666018
606115
571448
668227
650333
624414
640492
668731
595879
676625
605131
571466
668663
676480
663698
605137
641355
666181
542932
542194
605141
666182
624415
453568
668709
593428
664761
623520
656248
598265
608324
681146
621446
670712
664913
676475
408234
665828
594777
669743
669134
600869
592192
605170
666185
681481
682998
592200
671213
660636
605612
666801
650489
595909
665482
644374
656305
656308
455139
596847
676391
641470
676628
661388
643265
621043
543063
641487
543068
630105
443558
665833
518586
605204
602074
650559
657557
641512
641511
646240
649557
553869
672478
650331
673237
650490
572816
518626
680977
641531
592273
643289
622110
681987
669242
666464
641553
500871
669289
642731
656413
571657
527038
645801
663743
641584
664034
677551
624428
518692
671289
670770
608336
592325
660650
666969
544725
671277
656448
665926
502671
543228
670768
503556
660757
663853
624503
605253
518735
682985
545341
663757
687093
677954
543257
665489
641645
493329
656495
606992
664059
571740
643348
641658
571745
664023
547180
671739
543281
663647
669720
595978
641680
623168
683002
682073
628338
641684
514917
571771
606192
543305
543309
664731
669374
663538
656555
669087
669450
663697
664728
643376
650391
656582
592450
673962
608348
643393
673490
643396
672386
668800
668952
680757
571875
669127
641779
506702
642451
596019
641796
446334
664670
670032
663993
656669
666158
592518
605353
571912
455117
641820
622534
669016
606466
502110
686681
622761
664029
665155
543510
664983
676801
457705
624512
663630
656716
641857
643446
642336
669004
608841
593160
680911
669304
668751
669003
425877
660162
666160
660707
664238
666624
672515
663624
656775
571970
622168
669221
571976
571980
553882
647304
641914
621028
621512
607043
543592
663457
656811
596059
660271
658668
621566
542303
665506
650339
641943
680700
670623
686469
592626
665161
444482
672724
672695
521692
607054
502054
640461
672832
650907
572041
595777
405395
606019
663728
623912
608070
592663
608701
592669
650859
614177
622682
668804
608703
663586
663845
656896
665861
519203
673357
642020
645302
663898
677594
668942
500743
519222
592696
642708
573131
668939
596142
664848
467793
623993
570731
656941
608369
516416
543760
669222
661531
657757
642423
642350
596103
669701
669257
669256
456781
665742
670869
543807
607732
519317
545358
668715
683021
596115
681082
669065
664702
596117
669261
435559
621020
606132
665750
621035
572191
621438
642133
642136
677950
642137
657041
669352
572204
669911
679529
647351
650402
666211
676701
624431
545361
663656
457759
607208
649966
602104
570482
545121
678246
662139
683734
679631
543877
676369
657077
668901
663837
681584
596129
519390
572228
664774
572233
670242
670764
621493
671221
621563
663897
608385
621550
677951
657136
543939
642851
573262
592885
660766
676724
664874
605548
518595